0 0.594375 0.219453 0.176563 0.402344
0 0.845828 0.259625 0.188219 0.465313
0 0.329781 0.252812 0.149438 0.460687
0 0.400320 0.099047 0.159547 0.168844
0 0.108250 0.340750 0.199188 0.296063
0 0.628086 0.269656 0.238203 0.462937
0 0.923844 0.216594 0.131812 0.392937
0 0.850562 0.891016 0.184281 0.177531
0 0.139891 0.744938 0.176406 0.164062
1 0.883992 0.287922 0.092078 0.250219
1 0.948891 0.332625 0.082281 0.222375
1 0.774273 0.459484 0.046141 0.063906
0 0.626969 0.742703 0.242688 0.469656
0 0.401234 0.741219 0.209875 0.471625
1 0.424641 0.265047 0.124375 0.066719
1 0.443844 0.236953 0.104563 0.081156
0 0.883734 0.117719 0.080031 0.191437