0 0.183711 0.408990 0.293266 0.656188
0 0.379398 0.171281 0.059016 0.197938
0 0.483641 0.157417 0.051187 0.123625
0 0.666469 0.159250 0.077656 0.177250
0 0.274391 0.279146 0.208656 0.556458
0 0.556695 0.133948 0.090984 0.087688
0 0.950945 0.189552 0.097297 0.161979
0 0.437992 0.193854 0.063828 0.190750
0 0.720055 0.185844 0.038672 0.126021
0 0.022742 0.213917 0.045484 0.179042
0 0.917695 0.173604 0.164609 0.188000
0 0.634609 0.143615 0.021844 0.055938
0 0.747789 0.229990 0.054266 0.175229
0 0.511719 0.161458 0.973437 0.202083