1 0.860023 0.535491 0.100672 0.184953
0 0.493492 0.590479 0.032953 0.093014
0 0.379180 0.664673 0.062953 0.310187
0 0.071883 0.534813 0.033109 0.164720
0 0.615695 0.465526 0.040141 0.124322
0 0.586844 0.488400 0.022625 0.126379
0 0.322047 0.518984 0.034063 0.203668
0 0.210031 0.522827 0.038187 0.188505
0 0.530227 0.540304 0.055484 0.186215
0 0.488648 0.482103 0.042047 0.168879
0 0.459414 0.488014 0.037047 0.178832
0 0.758102 0.540806 0.188391 0.496659
0 0.022711 0.791799 0.045422 0.257150
0 0.254328 0.520491 0.043594 0.168551
0 0.365625 0.473131 0.668750 0.310748