0 0.680898 0.760672 0.188766 0.420219
0 0.195500 0.687375 0.084781 0.265906
0 0.367117 0.738109 0.112266 0.304438
0 0.843305 0.671891 0.061359 0.192188
0 0.582633 0.773133 0.059672 0.220953
0 0.903313 0.675773 0.067219 0.182859
0 0.959320 0.667914 0.043953 0.155328
0 0.226617 0.698008 0.046641 0.195797
0 0.379344 0.635914 0.065656 0.137578
0 0.452906 0.745195 0.105125 0.302672
0 0.498359 0.655180 0.048469 0.152922
0 0.559508 0.658414 0.074047 0.160328
0 0.610992 0.625859 0.042109 0.095031
0 0.790625 0.650000 0.321875 0.168750