0 0.211788 0.293258 0.233224 0.171453
0 0.588953 0.299031 0.218282 0.168563
0 0.719435 0.221430 0.078071 0.116391
0 0.500953 0.249102 0.080635 0.084672
0 0.362294 0.268016 0.079600 0.049125
0 0.909318 0.345109 0.181365 0.210781
0 0.337259 0.217633 0.034659 0.049828
0 0.781953 0.186922 0.035624 0.036500
0 0.856376 0.187109 0.039435 0.038812
0 0.448965 0.220328 0.031859 0.023875
0 0.222647 0.237914 0.049153 0.061766
0 0.268047 0.203352 0.022871 0.026391
0 0.336482 0.196258 0.046565 0.028172
0 0.610588 0.196875 0.449412 0.037500