0 0.605945 0.815798 0.040797 0.183850
0 0.694391 0.833087 0.036750 0.127676
0 0.011023 0.775775 0.021828 0.086338
0 0.123367 0.797265 0.022828 0.015939
0 0.253547 0.795047 0.016938 0.035211
0 0.302570 0.810599 0.012953 0.026831
0 0.309398 0.771784 0.013422 0.036526
0 0.340086 0.770998 0.020297 0.045235
0 0.399523 0.793826 0.021391 0.033803
0 0.288000 0.788286 0.017781 0.030469
0 0.781609 0.778052 0.021125 0.111878
0 0.202328 0.781655 0.018656 0.030258
0 0.362664 0.761514 0.017016 0.036878
0 0.492188 0.772300 0.956250 0.136150