1 0.293922 0.361479 0.155406 0.166667
1 0.446680 0.410333 0.130984 0.247292
2 0.298820 0.235885 0.225172 0.158021
0 0.662641 0.494385 0.674719 0.988771
0 0.198031 0.560677 0.392687 0.586521
0 0.487922 0.144948 0.200563 0.285396
0 0.360898 0.098250 0.106328 0.196500
0 0.283820 0.093937 0.126391 0.178792
0 0.101781 0.181698 0.203563 0.363396
0 0.229195 0.057813 0.048547 0.115625
0 0.662703 0.090156 0.054250 0.175229
1 0.035484 0.455885 0.070094 0.352854
1 0.664039 0.177365 0.035766 0.026646
2 0.956766 0.246594 0.086469 0.074271
0 0.422117 0.031396 0.022172 0.059708
0 0.586672 0.097323 0.124219 0.194646
2 0.502242 0.893083 0.994641 0.213833