0 0.228031 0.555024 0.080406 0.371741
0 0.274992 0.487659 0.059016 0.335459
0 0.392555 0.533471 0.052953 0.334659
0 0.443359 0.492035 0.047250 0.301529
0 0.510227 0.495518 0.076328 0.382800
0 0.584234 0.521624 0.078000 0.351341
0 0.626633 0.480294 0.042078 0.289294
0 0.704289 0.503882 0.076516 0.328188
0 0.782477 0.511424 0.054297 0.302800
0 0.134664 0.546047 0.076391 0.399529
0 0.093492 0.387671 0.036453 0.144565
0 0.548562 0.454741 0.032719 0.194612
0 0.865008 0.509600 0.068078 0.261647
0 0.499219 0.542353 0.998437 0.472941