0 0.665812 0.594595 0.032156 0.146389
0 0.171430 0.695908 0.092391 0.302407
0 0.307430 0.703042 0.100578 0.288490
0 0.704523 0.597593 0.038422 0.135974
0 0.729891 0.599387 0.024094 0.116411
0 0.759672 0.599551 0.030687 0.119497
0 0.913273 0.607057 0.024328 0.103479
0 0.630617 0.596357 0.034234 0.127112
0 0.766711 0.581630 0.024953 0.106805
0 0.401523 0.539475 0.019828 0.041094
0 0.045477 0.337210 0.016703 0.066674
0 0.235125 0.327801 0.015844 0.059453
0 0.619531 0.637101 0.042000 0.057221
0 0.516406 0.533917 0.848437 0.258206