1 0.478992 0.519031 0.721078 0.625271
2 0.840844 0.193687 0.118969 0.038917
0 0.558727 0.129677 0.076234 0.179229
0 0.823883 0.066927 0.072234 0.109813
0 0.529781 0.078240 0.072094 0.093729
0 0.137766 0.163135 0.163469 0.316437
0 0.490891 0.056396 0.048625 0.098875
0 0.612570 0.052406 0.028734 0.081729
0 0.308047 0.058573 0.052656 0.114312
0 0.855875 0.060510 0.023031 0.041896
0 0.436742 0.038177 0.030297 0.059521
0 0.229164 0.154958 0.128141 0.309917
0 0.355492 0.054542 0.051672 0.074292
0 0.059992 0.121427 0.119984 0.240229
0 0.757469 0.026833 0.045812 0.051708
0 0.878125 0.070833 0.240625 0.141667