0 0.787555 0.279776 0.062516 0.298892
0 0.940148 0.337217 0.049703 0.184434
0 0.566242 0.255896 0.017172 0.055943
0 0.253961 0.402936 0.066672 0.314080
0 0.191219 0.248502 0.015281 0.078231
0 0.465453 0.403797 0.092188 0.338349
0 0.333891 0.263349 0.024250 0.113113
0 0.016867 0.286167 0.030391 0.131675
0 0.899828 0.314811 0.020781 0.058679
0 0.317242 0.287064 0.048016 0.238608
0 0.175531 0.254988 0.018156 0.077665
0 0.071063 0.320024 0.030781 0.198113
0 0.539547 0.275920 0.032094 0.109151
0 0.507812 0.492925 0.981250 0.698113