0 0.631203 0.522471 0.146937 0.608970
0 0.428211 0.205632 0.110359 0.139602
0 0.077117 0.122237 0.066641 0.101522
0 0.449414 0.084883 0.078828 0.119368
0 0.367094 0.096756 0.071313 0.142787
0 0.132062 0.094239 0.060531 0.091710
0 0.525695 0.155890 0.048578 0.075902
0 0.203547 0.059766 0.095031 0.119532
0 0.457945 0.135574 0.053734 0.072974
0 0.557773 0.090726 0.063047 0.169180
0 0.040562 0.074649 0.080937 0.149297
0 0.247664 0.141628 0.035016 0.038665
0 0.595039 0.086557 0.054547 0.173115
1 0.097344 0.072330 0.071344 0.077307
1 0.142125 0.130937 0.055750 0.038829