0 0.794469 0.760610 0.125000 0.478779
0 0.751820 0.630634 0.085453 0.412160
0 0.525023 0.555059 0.137609 0.368521
0 0.392008 0.465223 0.101109 0.391291
0 0.157805 0.403369 0.103203 0.370775
0 0.538656 0.584085 0.163781 0.379249
0 0.148461 0.070845 0.056266 0.141690
0 0.492609 0.482676 0.096156 0.397277
0 0.813289 0.719671 0.100453 0.432300
0 0.732945 0.130810 0.045109 0.097441
0 0.322109 0.099671 0.066969 0.099484
0 0.298234 0.433768 0.084719 0.389601
0 0.263656 0.090904 0.070875 0.181808
0 0.444531 0.102113 0.867188 0.204225