0 0.711156 0.721745 0.083312 0.556511
0 0.887391 0.732927 0.082687 0.517377
0 0.961211 0.750492 0.077578 0.499016
0 0.781391 0.703829 0.090156 0.558571
0 0.194516 0.537740 0.027125 0.106487
0 0.148398 0.527822 0.017484 0.076300
0 0.667852 0.758829 0.041078 0.152084
0 0.935609 0.543232 0.037594 0.137892
0 0.918227 0.525714 0.030016 0.098173
0 0.236555 0.526136 0.018359 0.074988
0 0.090602 0.524696 0.019766 0.076557
0 0.826914 0.540012 0.043859 0.143958
0 0.220141 0.529637 0.010594 0.066347
0 0.186719 0.502342 0.154688 0.035129