0 0.799719 0.646813 0.261250 0.539333
0 0.712742 0.469729 0.117859 0.167542
0 0.627773 0.444406 0.106578 0.158271
0 0.277875 0.429052 0.092906 0.162146
0 0.376680 0.549437 0.109547 0.330333
0 0.559555 0.443813 0.087641 0.132583
0 0.180883 0.405885 0.121766 0.251771
0 0.333867 0.469198 0.082734 0.177521
1 0.504047 0.769542 0.177781 0.372042
1 0.363352 0.719604 0.154516 0.343792
1 0.841219 0.779281 0.222969 0.407646
1 0.055148 0.771635 0.106828 0.193479
1 0.776672 0.502802 0.070312 0.110521
1 0.206406 0.576229 0.121000 0.204583
1 0.674250 0.430146 0.017625 0.026250
2 0.651398 0.566927 0.300766 0.183688
2 0.051062 0.418104 0.102125 0.057667
0 0.244602 0.436052 0.066016 0.132021
0 0.479414 0.432833 0.091422 0.143292
1 0.812406 0.514281 0.028313 0.072146
1 0.587156 0.423740 0.023719 0.029687
1 0.100023 0.509437 0.062609 0.132750
1 0.033125 0.511052 0.063781 0.141729
1 0.029711 0.656979 0.059422 0.049750
1 0.756781 0.430115 0.041094 0.036229
0 0.525828 0.693115 0.239469 0.613771