0 0.317422 0.381382 0.142000 0.387073
0 0.464133 0.563349 0.055391 0.234239
0 0.600109 0.585375 0.096437 0.391639
0 0.430648 0.506030 0.037203 0.086019
0 0.845445 0.516522 0.037172 0.100023
0 0.813055 0.568009 0.034547 0.195082
0 0.743055 0.537061 0.040078 0.187143
0 0.781359 0.559883 0.045219 0.171897
0 0.909734 0.564824 0.041281 0.164356
0 0.989461 0.561288 0.021078 0.166651
0 0.962109 0.557529 0.044375 0.193747
0 0.870211 0.559122 0.029172 0.174871
0 0.929055 0.566511 0.022859 0.144871
0 0.552344 0.558548 0.564063 0.255269