0 0.093781 0.083279 0.052594 0.150211
0 0.509867 0.039450 0.084828 0.078899
0 0.547313 0.875211 0.341688 0.249578
0 0.827016 0.700211 0.082063 0.245995
0 0.171117 0.897155 0.269641 0.205691
0 0.419102 0.051276 0.075016 0.100867
0 0.050805 0.102600 0.101609 0.203934
0 0.867289 0.068091 0.074953 0.114731
0 0.699086 0.821124 0.085734 0.202998
0 0.576695 0.059028 0.055484 0.116136
0 0.898750 0.462799 0.079219 0.094122
0 0.312852 0.095843 0.041328 0.118618
0 0.279289 0.089403 0.017234 0.085269
0 0.892187 0.845433 0.212500 0.304450