1 0.055617 0.434833 0.094391 0.141583
1 0.357953 0.377021 0.202250 0.156458
2 0.309570 0.578521 0.605703 0.413875
0 0.568258 0.504490 0.863484 0.986521
0 0.262078 0.243635 0.318531 0.487271
0 0.522477 0.205625 0.138203 0.402250
0 0.739047 0.198885 0.392687 0.384271
1 0.867414 0.924719 0.265172 0.128104
1 0.347789 0.812500 0.178266 0.154833
2 0.082461 0.291125 0.157234 0.156917
0 0.058992 0.759552 0.117984 0.453937
0 0.126961 0.112375 0.079047 0.215250
0 0.194789 0.070094 0.117547 0.140188
0 0.953594 0.207010 0.092812 0.414021
0 0.039680 0.108802 0.077891 0.215229
0 0.432859 0.202292 0.074875 0.369958
0 0.428945 0.199354 0.049172 0.205417
0 0.016031 0.262073 0.026656 0.144687