1 0.840727 0.305678 0.199891 0.394065
1 0.948055 0.210444 0.103891 0.301822
0 0.540086 0.054229 0.105234 0.095234
0 0.307492 0.223353 0.051672 0.117827
0 0.591492 0.050245 0.077984 0.099276
1 0.270898 0.239965 0.105734 0.143902
2 0.250969 0.753937 0.312594 0.492126
2 0.927344 0.784311 0.145313 0.431379
2 0.865820 0.106565 0.208203 0.042991
1 0.949570 0.177418 0.059547 0.064416
1 0.584039 0.111390 0.056172 0.039836
1 0.140813 0.307138 0.091219 0.239416
1 0.956797 0.081822 0.086406 0.078318
1 0.864656 0.103119 0.086531 0.054369
1 0.721555 0.092231 0.087297 0.031332