0 0.653633 0.558556 0.152922 0.425657
0 0.507391 0.353357 0.013437 0.028122
0 0.853750 0.432641 0.059844 0.196080
0 0.977719 0.417746 0.044562 0.147559
0 0.180984 0.606737 0.221375 0.755070
0 0.084242 0.551092 0.079766 0.541291
0 0.063961 0.364061 0.029109 0.073897
0 0.266086 0.491749 0.070047 0.366737
0 0.899187 0.431068 0.032969 0.163451
0 0.028414 0.503369 0.050859 0.337066
0 0.811484 0.417676 0.030875 0.163146
0 0.541977 0.354296 0.011172 0.030986
0 0.781250 0.387042 0.014281 0.060845
0 0.489063 0.443662 0.909375 0.215962