0 0.479391 0.484728 0.167969 0.392254
0 0.290445 0.445570 0.159578 0.282539
0 0.326336 0.382927 0.086516 0.232280
0 0.131125 0.531321 0.055500 0.401917
0 0.080156 0.533821 0.076906 0.401632
0 0.802367 0.547098 0.071766 0.350000
0 0.500430 0.426697 0.036297 0.149767
0 0.690359 0.487966 0.084562 0.543912
0 0.903922 0.545920 0.062750 0.337746
0 0.643484 0.573148 0.044594 0.315104
0 0.159625 0.429326 0.016688 0.063368
0 0.190039 0.443782 0.070797 0.207358
0 0.983328 0.532785 0.033344 0.368627
0 0.498437 0.358808 0.996875 0.712435