1 0.346711 0.867700 0.168484 0.243090
0 0.440445 0.681450 0.331109 0.463467
0 0.754039 0.355295 0.145516 0.252382
0 0.367570 0.343939 0.050328 0.229811
0 0.644836 0.346415 0.036391 0.167500
0 0.614117 0.341380 0.049922 0.118373
0 0.791844 0.352170 0.077812 0.163255
0 0.197656 0.266333 0.020219 0.077524
0 0.476516 0.318526 0.028594 0.135307
1 0.934180 0.374469 0.058766 0.129646
1 0.836187 0.352642 0.040625 0.101321
2 0.972391 0.366215 0.043719 0.070873
0 0.899805 0.317972 0.036797 0.220236
0 0.497820 0.299186 0.016641 0.054269
0 0.405570 0.300495 0.027953 0.110330
0 0.846789 0.267594 0.027609 0.079717
0 0.550039 0.356108 0.039266 0.183915
2 0.827109 0.344505 0.052500 0.048019
0 0.250781 0.248821 0.092188 0.115566