1 0.955600 0.126240 0.063120 0.102827
1 0.831630 0.781253 0.050100 0.094827
2 0.151600 0.390667 0.292560 0.215147
2 0.774250 0.898840 0.451500 0.202320
2 0.943940 0.232520 0.110000 0.084347
2 0.371110 0.848200 0.075300 0.165733
2 0.253080 0.275680 0.237120 0.112107
0 0.390940 0.292720 0.216840 0.415147
0 0.978390 0.048253 0.042300 0.090853
0 0.166120 0.163813 0.123800 0.223733
0 0.064040 0.202240 0.124720 0.337067
0 0.264150 0.761773 0.229060 0.471440
0 0.616860 0.774907 0.239320 0.426987
0 0.727500 0.768427 0.178600 0.315147
0 0.691850 0.255067 0.358980 0.501120
1 0.851120 0.710107 0.033720 0.067413
1 0.204660 0.148720 0.024040 0.049760
1 0.457920 0.916000 0.080160 0.162987
1 0.043630 0.909613 0.080540 0.158853
1 0.524130 0.188107 0.043380 0.125387
1 0.887330 0.691707 0.026380 0.050453
1 0.445820 0.783067 0.062920 0.122613
1 0.383100 0.762613 0.056800 0.060533
0 0.079610 0.735373 0.149420 0.198160
0 0.674890 0.471880 0.650220 0.860027
0 0.369940 0.692133 0.075840 0.130347
0 0.272680 0.141813 0.119760 0.206187
0 0.872500 0.057573 0.054040 0.063840
2 0.478730 0.777280 0.035940 0.033173
0 0.554000 0.373333 0.888000 0.746667