0 0.887763 0.645840 0.224474 0.430600
0 0.528048 0.630330 0.280060 0.492140
0 0.873964 0.387140 0.073273 0.051320
0 0.636396 0.395970 0.076997 0.073420
0 0.424655 0.371620 0.063664 0.050760
0 0.419399 0.441320 0.088829 0.069520
0 0.471667 0.140010 0.077628 0.062980
0 0.838288 0.331880 0.079940 0.046800
1 0.308138 0.324500 0.036637 0.018320
0 0.302207 0.503460 0.109640 0.115160
0 0.870030 0.405170 0.079279 0.045940
0 0.804309 0.398610 0.075646 0.061980
0 0.317387 0.302000 0.053393 0.065640
0 0.712057 0.402300 0.079069 0.057440
0 0.279279 0.413000 0.096096 0.046000