0 0.558306 0.469188 0.432313 0.287625
0 0.898575 0.402586 0.138084 0.127328
0 0.152593 0.300672 0.104159 0.099906
0 0.066554 0.312711 0.095444 0.086703
0 0.553458 0.305367 0.076402 0.098766
0 0.254229 0.308992 0.099393 0.095516
0 0.463318 0.278922 0.069393 0.128844
0 0.385058 0.258398 0.086986 0.148641
0 0.842056 0.336820 0.112897 0.221359
0 0.625864 0.319500 0.111682 0.217219
0 0.254848 0.236766 0.090724 0.109719
0 0.163014 0.214125 0.068411 0.098750
0 0.114136 0.239391 0.064206 0.125781
0 0.500000 0.342188 0.995327 0.603125