0 0.432320 0.543828 0.095859 0.629194
0 0.369586 0.390366 0.066422 0.573333
0 0.789711 0.456136 0.086234 0.470147
0 0.282867 0.241575 0.039266 0.118901
0 0.919312 0.458681 0.124375 0.616410
0 0.689695 0.499505 0.069984 0.656300
0 0.260734 0.573114 0.149438 0.834505
0 0.118094 0.418352 0.061000 0.571648
0 0.513773 0.490714 0.068578 0.453883
0 0.771266 0.419615 0.066406 0.490879
0 0.164836 0.491355 0.066359 0.528425
0 0.091484 0.455183 0.128469 0.567289
0 0.310172 0.679304 0.081625 0.358828
0 0.372656 0.578755 0.739062 0.717949