0 0.596211 0.613009 0.245391 0.773981
0 0.977680 0.433513 0.044641 0.448009
0 0.717805 0.335527 0.067328 0.104122
0 0.734930 0.266159 0.094484 0.178080
1 0.854234 0.518770 0.091188 0.148220
1 0.272125 0.314614 0.064469 0.089883
1 0.496984 0.345457 0.038594 0.034239
1 0.426883 0.342728 0.034547 0.031686
1 0.225633 0.355867 0.026141 0.052108
0 0.597586 0.201944 0.026922 0.047728
0 0.553656 0.303372 0.063875 0.160422
0 0.382602 0.336323 0.061266 0.101499
0 0.457445 0.332681 0.078641 0.106253
0 0.409305 0.226370 0.065391 0.117049
0 0.661547 0.246429 0.048625 0.120023
0 0.520484 0.250691 0.066312 0.163162
0 0.297609 0.320222 0.091469 0.141569
1 0.472078 0.298056 0.047375 0.053068
0 0.331109 0.213489 0.059937 0.110117
1 0.681883 0.349215 0.018922 0.023864
0 0.357812 0.261124 0.653125 0.245902