1 0.348219 0.936318 0.350312 0.109473
0 0.861617 0.678711 0.039047 0.090547
0 0.798055 0.649541 0.020734 0.062441
0 0.846391 0.704092 0.079594 0.130020
1 0.683398 0.802041 0.047734 0.034238
1 0.740852 0.845635 0.258547 0.083848
0 0.924117 0.777275 0.102703 0.105176
1 0.320148 0.870781 0.318609 0.064258
0 0.981477 0.762383 0.026516 0.078359
1 0.120000 0.795068 0.182188 0.055449
1 0.275328 0.668838 0.114281 0.028574
1 0.209391 0.825664 0.283188 0.081914
1 0.601492 0.814385 0.116641 0.049902
1 0.969125 0.937432 0.061687 0.108457
1 0.782969 0.639463 0.048250 0.044941
1 0.100953 0.748496 0.201344 0.064219
1 0.267719 0.742549 0.106844 0.055410
1 0.934008 0.824463 0.125172 0.108770