0 0.508102 0.485211 0.349547 0.864426
0 0.107914 0.376464 0.091984 0.102857
0 0.221734 0.369567 0.107031 0.119180
0 0.690133 0.380199 0.045859 0.087658
0 0.819578 0.365644 0.063969 0.121733
0 0.922992 0.358747 0.071797 0.130047
0 0.977273 0.223513 0.045453 0.025761
0 0.952898 0.059649 0.068891 0.119297
0 0.596727 0.375281 0.098953 0.107845
0 0.170242 0.779426 0.138203 0.386487
0 0.047781 0.786874 0.095562 0.366159
0 0.184391 0.227693 0.072531 0.340632
0 0.335586 0.365012 0.069203 0.125293
0 0.500000 0.490632 0.996875 0.981265