0 0.577516 0.551721 0.096625 0.451124
0 0.809414 0.564438 0.076703 0.432576
0 0.261148 0.716956 0.133266 0.405386
0 0.867797 0.503489 0.072375 0.131335
0 0.866078 0.424204 0.037844 0.099789
0 0.938289 0.512904 0.078422 0.111241
0 0.865492 0.367553 0.021703 0.079930
1 0.545742 0.797752 0.455797 0.305621
0 0.377938 0.544368 0.080031 0.054637
0 0.490539 0.465328 0.041297 0.077963
0 0.922148 0.379965 0.009047 0.030328
0 0.380133 0.932213 0.185922 0.135574
0 0.520289 0.446979 0.023672 0.085386
1 0.391430 0.637670 0.132609 0.108689
1 0.134930 0.711862 0.217891 0.256042
1 0.084047 0.963630 0.157688 0.046745
1 0.403836 0.656464 0.113922 0.069883
1 0.049484 0.855738 0.098969 0.197658
1 0.394320 0.596745 0.094234 0.045761
1 0.424039 0.703337 0.119797 0.044895
1 0.379156 0.553513 0.098781 0.058782
0 0.979359 0.411124 0.011750 0.060890
0 0.482031 0.537471 0.823438 0.283372