0 0.934195 0.465308 0.121891 0.364528
0 0.853367 0.760636 0.258391 0.196724
0 0.412852 0.472408 0.218578 0.654682
0 0.301398 0.433902 0.031891 0.034239
0 0.653055 0.462803 0.031172 0.061484
0 0.272242 0.427909 0.056516 0.156821
0 0.165594 0.447688 0.042250 0.077572
0 0.591273 0.422466 0.044422 0.156493
0 0.055172 0.425925 0.057437 0.171272
0 0.024687 0.423911 0.044875 0.163931
0 0.802852 0.478391 0.100234 0.289114
0 0.151180 0.408998 0.040891 0.108208
0 0.545820 0.460501 0.035203 0.062813
0 0.500000 0.472062 0.996875 0.354528