1 0.250922 0.738922 0.234594 0.113937
1 0.439102 0.295289 0.048641 0.045672
1 0.274625 0.322641 0.051875 0.042719
1 0.073430 0.599898 0.082078 0.159828
1 0.200609 0.311688 0.072563 0.059031
2 0.267063 0.865883 0.463531 0.207047
2 0.220648 0.437562 0.209266 0.194531
2 0.177094 0.301180 0.024063 0.008922
0 0.283344 0.376820 0.222812 0.302672
0 0.130500 0.380563 0.133937 0.276375
0 0.146563 0.238453 0.075469 0.150938
1 0.085406 0.420500 0.104000 0.196344
1 0.407398 0.357117 0.053203 0.128203
1 0.384258 0.444648 0.126953 0.179109
2 0.462180 0.338633 0.142328 0.080359
0 0.657141 0.524672 0.555844 0.883125