1 0.577141 0.622510 0.102563 0.260479
1 0.319664 0.555385 0.114172 0.191021
0 0.625148 0.558188 0.145203 0.384750
0 0.672867 0.449167 0.092078 0.170375
0 0.836797 0.606750 0.217406 0.269667
0 0.893609 0.452604 0.051906 0.145542
0 0.259578 0.379094 0.051281 0.061521
0 0.228047 0.538281 0.125000 0.317563
0 0.097977 0.681302 0.195953 0.518021
0 0.158789 0.399625 0.070672 0.120458
1 0.570539 0.458625 0.010297 0.019542
0 0.315242 0.433594 0.122547 0.169396
1 0.961070 0.609292 0.077516 0.161500
1 0.164414 0.791187 0.258547 0.377583
1 0.229031 0.585698 0.068281 0.121563
0 0.030219 0.472260 0.060437 0.145104
0 0.935563 0.528937 0.102563 0.263750