1 0.041938 0.589250 0.080656 0.374208
1 0.270953 0.489792 0.085062 0.311458
1 0.532258 0.330115 0.077422 0.096771
1 0.610930 0.411542 0.157266 0.239625
1 0.938164 0.402323 0.123672 0.167563
0 0.406180 0.502698 0.262922 0.597771
0 0.754234 0.534427 0.482500 0.931146
0 0.924578 0.244812 0.107875 0.175292
0 0.891891 0.192500 0.035687 0.048667
0 0.315398 0.139604 0.014203 0.048750
0 0.366414 0.117833 0.012234 0.045583
0 0.346945 0.120094 0.010266 0.046229
1 0.553086 0.543385 0.041078 0.130104
2 0.441437 0.397604 0.319844 0.083625
2 0.562242 0.900271 0.482953 0.197000
2 0.877109 0.321469 0.072375 0.029062
0 0.700859 0.190677 0.015844 0.038979
0 0.574211 0.115979 0.006172 0.020875
0 0.356680 0.112646 0.012797 0.034375
1 0.313211 0.422708 0.051078 0.107792
2 0.966297 0.383635 0.056969 0.036563